##RenderMan RIB
version 3.04
EditBegin "attribute" 
EditEnd 
Option "rerender" "int[2] lodrange" [0 0]
##streammarker136
EditBegin "attribute" "string scopename" ["pPlaneShape1|shaderBallGeomShape1"]
Bxdf "PxrDisney" "FloorMat" "color baseColor" [1 1 1] "color emitColor" [0 0 0] "float subsurface" [0] "color subsurfaceColor" [0 0 0] "float metallic" [0] "float specular" [0.5] 
"float specularTint" [0] "float roughness" [0.25] "float anisotropic" [0] "float sheen" [0] "float sheenTint" [0.5] "float clearcoat" [0] "float clearcoatGloss" [1] "normal bumpNormal" [0 0 0] "float presence" [1] "int inputAOV" [0] "__instanceid" ["FloorMat_0"]
EditEnd 
##streammarker137
EditBegin "attribute" "string scopename" ["TeapotMoved:MeshShape"]
Pattern "/Users/jmacey/teaching/Code/Renderman/rFM/Rfm/renderman/simpleShader/shaders/dots" "Dots" "color baseColour" [0.544669 0.544669 0.544669] "color spotColour" [1 0 0] "float fuzz" [0.4] "float repeatU" [2] "float repeatV" [2] "__instanceid" ["Dots_0"]
Bxdf "PxrDisney" "teapotMat" "reference color baseColor" ["Dots:result"] "color emitColor" [0 0 0] "float subsurface" [0] "color subsurfaceColor" [0 0 0] "float metallic" [0] "float specular" [0.5] "float specularTint" [0] "float roughness" [0.25] "float anisotropic" [0] 
"float sheen" [0] "float sheenTint" [0.5] "float clearcoat" [0] "float clearcoatGloss" [1] "normal bumpNormal" [0 0 0] "float presence" [1] "int inputAOV" [0] "__instanceid" ["teapotMat_0"]
EditEnd 
##streammarker138
EditBegin "attribute" "string scopename" ["shaderBallGeomShape1"]
Bxdf "PxrDisney" "FloorMat" "color baseColor" [1 1 1] "color emitColor" [0 0 0] "float subsurface" [0] "color subsurfaceColor" [0 0 0] "float metallic" [0] "float specular" [0.5] 
"float specularTint" [0] "float roughness" [0.25] "float anisotropic" [0] "float sheen" [0] "float sheenTint" [0.5] "float clearcoat" [0] "float clearcoatGloss" [1] "normal bumpNormal" [0 0 0] "float presence" [1] "int inputAOV" [0] "__instanceid" ["FloorMat_0"]
EditEnd 
##streammarker139
EditBegin "attribute" "string scopename" ["TeapotMoved:MeshShape|pPlaneShape1"]
Pattern "/Users/jmacey/teaching/Code/Renderman/rFM/Rfm/renderman/simpleShader/shaders/dots" "Dots" "color baseColour" [0.544669 0.544669 0.544669] "color spotColour" [1 0 0] "float fuzz" [0.4] "float repeatU" [2] "float repeatV" [2] "__instanceid" ["Dots_0"]
Bxdf "PxrDisney" "teapotMat" "reference color baseColor" ["Dots:result"] "color emitColor" [0 0 0] "float subsurface" [0] "color subsurfaceColor" [0 0 0] "float metallic" [0] "float specular" [0.5] "float specularTint" [0] "float roughness" [0.25] "float anisotropic" [0] 
"float sheen" [0] "float sheenTint" [0.5] "float clearcoat" [0] "float clearcoatGloss" [1] "normal bumpNormal" [0 0 0] "float presence" [1] "int inputAOV" [0] "__instanceid" ["teapotMat_0"]
EditEnd 
##streammarker140
EditBegin "option" 
Identity 
#Camera perspShape
Clipping 0.1 10000
Projection "perspective" "fov" [54.4322]
ScreenWindow -1 1 -0.5625 0.5625
Shutter 0 0
ConcatTransform [ 0.962218 -0.217847 -0.163337 1.3696e-09  2.16794e-09 0.599885 -0.800086 -2.87313e-09  -0.27228 -0.769858 -0.57722 4.84005e-09  -2.30303e-08 -1.51789 12.1394 1 ]
Camera "world" "float[2] shutteropening" [0 1]
EditEnd 
##streammarker141
EditBegin "option" 
Identity 
#Camera perspShape
Clipping 0.1 10000
Projection "perspective" "fov" [54.4322]
ScreenWindow -1 1 -0.5625 0.5625
Shutter 0 0
ConcatTransform [ 0.960294 -0.221452 -0.169691 1.02952e-09  6.37983e-09 0.60823 -0.793761 -2.15004e-09  -0.278991 -0.762243 -0.58408 3.54362e-09  -1.73902e-07 -1.53901 12.1234 1 ]
Camera "world" "float[2] shutteropening" [0 1]
EditEnd 
##streammarker142
EditBegin "option" 
Identity 
#Camera perspShape
Clipping 0.1 10000
Projection "perspective" "fov" [54.4322]
ScreenWindow -1 1 -0.5625 0.5625
Shutter 0 0
ConcatTransform [ 0.958323 -0.226768 -0.173765 -7.97615e-09  3.26808e-09 0.60823 -0.793761 -5.56313e-09  -0.285688 -0.760679 -0.582881 -7.87821e-09  -3.45082e-08 -1.53901 12.1234 1 ]
Camera "world" "float[2] shutteropening" [0 1]
EditEnd 
##streammarker143
EditBegin "option" 
Identity 
#Camera perspShape
Clipping 0.1 10000
Projection "perspective" "fov" [54.4322]
ScreenWindow -1 1 -0.5625 0.5625
Shutter 0 0
ConcatTransform [ 0.956305 -0.226373 -0.185031 2.66532e-10  6.46933e-10 0.632863 -0.774264 -5.63178e-10  -0.292372 -0.740432 -0.60521 8.71786e-10  -6.70348e-09 -1.60133 12.0741 1 ]
Camera "world" "float[2] shutteropening" [0 1]
EditEnd 
##streammarker144
EditBegin "option" 
Identity 
#Camera perspShape
Clipping 0.1 10000
Projection "perspective" "fov" [54.4322]
ScreenWindow -1 1 -0.5625 0.5625
Shutter 0 0
ConcatTransform [ 0.95424 -0.227522 -0.194059 -1.04557e-09  -4.58784e-09 0.648939 -0.760841 2.24428e-09  -0.299041 -0.726025 -0.619244 -3.33642e-09  4.6916e-08 -1.64201 12.0401 1 ]
Camera "world" "float[2] shutteropening" [0 1]
EditEnd 
##streammarker145
EditBegin "option" 
Identity 
#Camera perspShape
Clipping 0.1 10000
Projection "perspective" "fov" [54.4322]
ScreenWindow -1 1 -0.5625 0.5625
Shutter 0 0
ConcatTransform [ 0.949972 -0.231153 -0.210051 9.82936e-10  -1.74033e-08 0.672517 -0.740081 -2.13732e-09  -0.312335 -0.703057 -0.638873 2.98961e-09  4.10066e-08 -1.70167 11.9876 1 ]
Camera "world" "float[2] shutteropening" [0 1]
EditEnd 
##streammarker146
EditBegin "option" 
Identity 
#Camera perspShape
Clipping 0.1 10000
Projection "perspective" "fov" [54.4322]
ScreenWindow -1 1 -0.5625 0.5625
Shutter 0 0
ConcatTransform [ 0.945519 -0.233951 -0.22641 1.80041e-09  -1.58185e-08 0.695432 -0.718592 -3.96986e-09  -0.325568 -0.679442 -0.657544 5.22878e-09  1.06351e-08 -1.75965 11.9332 1 ]
Camera "world" "float[2] shutteropening" [0 1]
EditEnd 
##streammarker147
EditBegin "option" 
Identity 
#Camera perspShape
Clipping 0.1 10000
Projection "perspective" "fov" [54.4322]
ScreenWindow -1 1 -0.5625 0.5625
Shutter 0 0
ConcatTransform [ 0.943223 -0.231315 -0.238379 1.09806e-11  -2.64508e-08 0.71766 -0.696393 -2.50642e-11  -0.332161 -0.656854 -0.676913 3.11811e-11  1.00878e-07 -1.81589 11.877 1 ]
Camera "world" "float[2] shutteropening" [0 1]
EditEnd 
##streammarker148
EditBegin "option" 
Identity 
#Camera perspShape
Clipping 0.1 10000
Projection "perspective" "fov" [54.4322]
ScreenWindow -1 1 -0.5625 0.5625
Shutter 0 0
ConcatTransform [ 0.940881 -0.228143 -0.250388 1.19915e-09  -4.2985e-08 0.73918 -0.673508 -2.833e-09  -0.338738 -0.63369 -0.695481 3.33077e-09  8.07119e-08 -1.87035 11.8191 1 ]
Camera "world" "float[2] shutteropening" [0 1]
EditEnd 
##streammarker149
EditBegin "option" 
Identity 
#Camera perspShape
Clipping 0.1 10000
Projection "perspective" "fov" [54.4322]
ScreenWindow -1 1 -0.5625 0.5625
Shutter 0 0
ConcatTransform [ 0.938493 -0.224429 -0.262417 -1.35678e-08  8.82195e-09 0.759971 -0.649957 -8.25041e-09  -0.345298 -0.60998 -0.713228 -1.11991e-09  -2.48899e-07 -1.92295 11.7595 1 ]
Camera "world" "float[2] shutteropening" [0 1]
EditEnd 
##streammarker150
EditBegin "option" 
Identity 
#Camera perspShape
Clipping 0.1 10000
Projection "perspective" "fov" [54.4322]
ScreenWindow -1 1 -0.5625 0.5625
Shutter 0 0
ConcatTransform [ 0.938493 -0.218884 -0.267059 -9.38202e-09  -1.90313e-08 0.773416 -0.633899 8.81193e-09  -0.345298 -0.59491 -0.725846 8.37737e-10  1.70181e-07 -1.95697 11.7189 1 ]
Camera "world" "float[2] shutteropening" [0 1]
EditEnd 
##streammarker151
EditBegin "option" 
Identity 
#Camera perspShape
Clipping 0.1 10000
Projection "perspective" "fov" [54.4322]
ScreenWindow -1 1 -0.5625 0.5625
Shutter 0 0
ConcatTransform [ 0.936059 -0.217284 -0.276731 1.14418e-10  -8.36573e-10 0.786522 -0.617563 -2.94766e-10  -0.351842 -0.578075 -0.736231 3.04403e-10  -1.70895e-07 -1.99014 11.6776 1 ]
Camera "world" "float[2] shutteropening" [0 1]
EditEnd 
##streammarker152
EditBegin "option" 
Identity 
#Camera perspShape
Clipping 0.1 10000
Projection "perspective" "fov" [54.4322]
ScreenWindow -1 1 -0.5625 0.5625
Shutter 0 0
ConcatTransform [ 0.936059 -0.208485 -0.28342 -9.39246e-10  6.37842e-09 0.805532 -0.592553 2.55175e-09  -0.351842 -0.554664 -0.754026 -2.49882e-09  -2.36914e-07 -2.03824 11.6143 1 ]
Camera "world" "float[2] shutteropening" [0 1]
EditEnd 
##streammarker153
EditBegin "option" 
Identity 
#Camera perspShape
Clipping 0.1 10000
Projection "perspective" "fov" [54.4322]
ScreenWindow -1 1 -0.5625 0.5625
Shutter 0 0
ConcatTransform [ 0.936059 -0.196434 -0.291902 1.28495e-09  3.31341e-08 0.829639 -0.558301 -3.74775e-09  -0.351842 -0.522603 -0.776591 3.41855e-09  4.81079e-07 -2.09923 11.5276 1 ]
Camera "world" "float[2] shutteropening" [0 1]
EditEnd 
##streammarker154
EditBegin "option" 
Identity 
#Camera perspShape
Clipping 0.1 10000
Projection "perspective" "fov" [54.4322]
ScreenWindow -1 1 -0.5625 0.5625
Shutter 0 0
ConcatTransform [ 0.93606 -0.180887 -0.301782 -1.26895e-08  -1.64996e-08 0.857721 -0.514115 1.37772e-08  -0.351842 -0.481243 -0.802878 -1.00547e-09  -4.55564e-07 -2.17029 11.4158 1 ]
Camera "world" "float[2] shutteropening" [0 1]
EditEnd 
##streammarker155
EditBegin "option" 
Identity 
#Camera perspShape
Clipping 0.1 10000
Projection "perspective" "fov" [54.4322]
ScreenWindow -1 1 -0.5625 0.5625
Shutter 0 0
ConcatTransform [ 0.940881 -0.155563 -0.300904 -1.54548e-09  -4.10103e-09 0.88831 -0.459244 5.71312e-09  -0.338738 -0.432094 -0.835794 -4.29273e-09  2.94271e-08 -2.24769 11.277 1 ]
Camera "world" "float[2] shutteropening" [0 1]
EditEnd 
##streammarker156
EditBegin "option" 
Identity 
#Camera perspShape
Clipping 0.1 10000
Projection "perspective" "fov" [54.4322]
ScreenWindow -1 1 -0.5625 0.5625
Shutter 0 0
ConcatTransform [ 0.945519 -0.131061 -0.298023 -6.15179e-10  -2.88563e-08 0.915393 -0.402561 2.64999e-09  -0.325568 -0.380629 -0.865521 -1.78661e-09  4.83749e-10 -2.31622 11.1335 1 ]
Camera "world" "float[2] shutteropening" [0 1]
EditEnd 
##streammarker157
EditBegin "option" 
Identity 
#Camera perspShape
Clipping 0.1 10000
Projection "perspective" "fov" [54.4322]
ScreenWindow -1 1 -0.5625 0.5625
Shutter 0 0
ConcatTransform [ 0.949972 -0.110598 -0.292098 -1.02915e-09  1.30502e-08 0.935207 -0.354101 5.09972e-09  -0.312335 -0.336386 -0.888421 -3.13018e-09  -2.65142e-07 -2.36635 11.0109 1 ]
Camera "world" "float[2] shutteropening" [0 1]
EditEnd 
##streammarker158
EditBegin "option" 
Identity 
#Camera perspShape
Clipping 0.1 10000
Projection "perspective" "fov" [54.4322]
ScreenWindow -1 1 -0.5625 0.5625
Shutter 0 0
ConcatTransform [ 0.952129 -0.0992136 -0.289147 4.24485e-10  -5.41597e-09 0.945868 -0.324551 -2.28538e-09  -0.305695 -0.309014 -0.900589 1.32212e-09  3.14836e-08 -2.39333 10.9362 1 ]
Camera "world" "float[2] shutteropening" [0 1]
EditEnd 
##streammarker159
EditBegin "option" 
Identity 
#Camera perspShape
Clipping 0.1 10000
Projection "perspective" "fov" [54.4322]
ScreenWindow -1 1 -0.5625 0.5625
Shutter 0 0
ConcatTransform [ 0.958323 -0.0841867 -0.273003 6.10135e-10  7.32998e-08 0.955596 -0.29468 -3.74578e-09  -0.285688 -0.282399 -0.915769 2.04665e-09  -6.04514e-08 -2.41794 10.8606 1 ]
Camera "world" "float[2] shutteropening" [0 1]
EditEnd 
##streammarker160
EditBegin "option" 
Identity 
#Camera perspShape
Clipping 0.1 10000
Projection "perspective" "fov" [54.4322]
ScreenWindow -1 1 -0.5625 0.5625
Shutter 0 0
ConcatTransform [ 0.958322 -0.0784509 -0.274706 -6.03645e-10  2.46133e-08 0.961558 -0.274603 3.87173e-09  -0.285688 -0.263158 -0.921482 -2.02489e-09  2.15e-07 -2.43303 10.8098 1 ]
Camera "world" "float[2] shutteropening" [0 1]
EditEnd 
##streammarker161
EditBegin "option" 
Identity 
#Camera perspShape
Clipping 0.1 10000
Projection "perspective" "fov" [54.4322]
ScreenWindow -1 1 -0.5625 0.5625
Shutter 0 0
ConcatTransform [ 0.965926 -0.0684625 -0.2496 -1.26099e-09  5.21707e-08 0.964381 -0.264518 9.12918e-09  -0.258819 -0.255505 -0.93152 -4.70607e-09  -2.71595e-07 -2.44017 10.7843 1 ]
Camera "world" "float[2] shutteropening" [0 1]
EditEnd 
##streammarker162
EditBegin "option" 
Identity 
#Camera perspShape
Clipping 0.1 10000
Projection "perspective" "fov" [54.4322]
ScreenWindow -1 1 -0.5625 0.5625
Shutter 0 0
ConcatTransform [ 0.971134 -0.0630967 -0.230037 -3.65451e-09  1.68882e-08 0.964381 -0.264519 2.5836e-09  -0.238533 -0.256883 -0.936543 5.76983e-09  -2.30729e-07 -2.44017 10.7843 1 ]
Camera "world" "float[2] shutteropening" [0 1]
EditEnd 
##streammarker163
EditBegin "option" 
Identity 
#Camera perspShape
Clipping 0.1 10000
Projection "perspective" "fov" [54.4322]
ScreenWindow -1 1 -0.5625 0.5625
Shutter 0 0
ConcatTransform [ 0.975917 -0.0577033 -0.210373 -3.46216e-10  3.05484e-08 0.964381 -0.264519 2.97387e-09  -0.218143 -0.258148 -0.941155 -1.54888e-09  1.00895e-07 -2.44017 10.7843 1 ]
Camera "world" "float[2] shutteropening" [0 1]
EditEnd 
##streammarker164
EditBegin "option" 
Identity 
#Camera perspShape
Clipping 0.1 10000
Projection "perspective" "fov" [54.4322]
ScreenWindow -1 1 -0.5625 0.5625
Shutter 0 0
ConcatTransform [ 0.981627 -0.0543151 -0.182915 -2.79541e-08  1.01358e-08 0.958629 -0.284657 1.5596e-08  -0.190809 -0.279427 -0.941017 2.83206e-09  -5.48308e-08 -2.42562 10.8352 1 ]
Camera "world" "float[2] shutteropening" [0 1]
EditEnd 
##streammarker165
EditBegin "option" 
Identity 
#Camera perspShape
Clipping 0.1 10000
Projection "perspective" "fov" [54.4322]
ScreenWindow -1 1 -0.5625 0.5625
Shutter 0 0
ConcatTransform [ 0.985408 -0.051858 -0.162117 2.78156e-10  -1.86129e-08 0.952458 -0.304671 -2.80539e-09  -0.170209 -0.300225 -0.938559 1.61035e-09  5.26881e-09 -2.41 10.8859 1 ]
Camera "world" "float[2] shutteropening" [0 1]
EditEnd 
##streammarker166
EditBegin "option" 
Identity 
#Camera perspShape
Clipping 0.1 10000
Projection "perspective" "fov" [54.4322]
ScreenWindow -1 1 -0.5625 0.5625
Shutter 0 0
ConcatTransform [ 0.988756 -0.0485321 -0.141441 7.69443e-10  9.16703e-09 0.945868 -0.324551 -8.46875e-09  -0.149535 -0.320902 -0.935233 5.08772e-09  1.19199e-07 -2.39333 10.9362 1 ]
Camera "world" "float[2] shutteropening" [0 1]
EditEnd 
##streammarker167
EditBegin "option" 
Identity 
#Camera perspShape
Clipping 0.1 10000
Projection "perspective" "fov" [54.4322]
ScreenWindow -1 1 -0.5625 0.5625
Shutter 0 0
ConcatTransform [ 0.991671 -0.0430744 -0.121379 -1.02533e-08  1.1605e-09 0.942418 -0.334438 -3.84042e-09  -0.128796 -0.331652 -0.934569 1.00392e-08  -6.86219e-09 -2.3846 10.9612 1 ]
Camera "world" "float[2] shutteropening" [0 1]
EditEnd 
##streammarker168
EditBegin "option" 
Identity 
#Camera perspShape
Clipping 0.1 10000
Projection "perspective" "fov" [54.4322]
ScreenWindow -1 1 -0.5625 0.5625
Shutter 0 0
ConcatTransform [ 0.993373 -0.040699 -0.107489 -1.31544e-10  1.03071e-09 0.935207 -0.354101 1.77132e-09  -0.114937 -0.351754 -0.929009 -1.1369e-09  -6.29973e-09 -2.36635 11.0109 1 ]
Camera "world" "float[2] shutteropening" [0 1]
EditEnd 
##streammarker169
EditBegin "option" 
Identity 
#Camera perspShape
Clipping 0.1 10000
Projection "perspective" "fov" [54.4322]
ScreenWindow -1 1 -0.5625 0.5625
Shutter 0 0
ConcatTransform [ 0.994881 -0.0367718 -0.0941287 0  -4.76879e-09 0.931448 -0.363875 0  -0.101056 -0.362012 -0.926679 0  8.9223e-08 -2.35684 11.0357 1 ]
Camera "world" "float[2] shutteropening" [0 1]
EditEnd 
##streammarker170
EditBegin "option" 
Identity 
#Camera perspShape
Clipping 0.1 10000
Projection "perspective" "fov" [54.4322]
ScreenWindow -1 1 -0.5625 0.5625
Shutter 0 0
ConcatTransform [ 0.994881 -0.0367718 -0.0941287 0  -4.76879e-09 0.931448 -0.363875 0  -0.101056 -0.362012 -0.926679 0  8.9223e-08 -2.35684 11.0357 1 ]
Camera "world" "float[2] shutteropening" [0 1]
EditEnd 
##streammarker171
EditBegin "option" 
Identity 
#Camera perspShape
Clipping 0.1 10000
Projection "perspective" "fov" [54.4322]
ScreenWindow -1 1 -0.5625 0.5625
Shutter 0 0
ConcatTransform [ 0.995562 -0.0351597 -0.0872936 0  -1.85342e-09 0.927586 -0.373609 0  -0.0941083 -0.371951 -0.92347 0  1.30903e-07 -2.34707 11.0603 1 ]
Camera "world" "float[2] shutteropening" [0 1]
EditEnd 
##streammarker172
EditBegin "option" 
Identity 
#Camera perspShape
Clipping 0.1 10000
Projection "perspective" "fov" [54.4322]
ScreenWindow -1 1 -0.5625 0.5625
Shutter 0 0
ConcatTransform [ 0.995562 -0.0351597 -0.0872936 0  -1.85342e-09 0.927586 -0.373609 0  -0.0941083 -0.371951 -0.92347 0  1.30903e-07 -2.34707 11.0603 1 ]
Camera "world" "float[2] shutteropening" [0 1]
EditEnd 
##streammarker173
EditBegin "option" 
Identity 
#Camera perspShape
Clipping 0.1 10000
Projection "perspective" "fov" [54.4322]
ScreenWindow -1 1 -0.5625 0.5625
Shutter 0 0
ConcatTransform [ 0.995562 -0.0342436 -0.087657 0  -7.23035e-09 0.931448 -0.363875 0  -0.0941083 -0.36226 -0.927314 0  1.04511e-07 -2.35684 11.0357 1 ]
Camera "world" "float[2] shutteropening" [0 1]
EditEnd 
##streammarker174
EditBegin "option" 
Identity 
#Camera perspShape
Clipping 0.1 10000
Projection "perspective" "fov" [54.4322]
ScreenWindow -1 1 -0.5625 0.5625
Shutter 0 0
ConcatTransform [ 0.995562 -0.0333238 -0.0880108 0  5.96908e-09 0.935207 -0.354101 0  -0.0941083 -0.352529 -0.931057 0  -3.64831e-08 -2.36635 11.0109 1 ]
Camera "world" "float[2] shutteropening" [0 1]
EditEnd 
##streammarker175
EditBegin "option" 
Identity 
#Camera perspShape
Clipping 0.1 10000
Projection "perspective" "fov" [54.4322]
ScreenWindow -1 1 -0.5625 0.5625
Shutter 0 0
ConcatTransform [ 0.995562 -0.0324004 -0.0883549 0  1.67756e-08 0.938864 -0.344288 0  -0.0941083 -0.34276 -0.934697 0  7.79462e-08 -2.37561 10.9861 1 ]
Camera "world" "float[2] shutteropening" [0 1]
EditEnd 
##streammarker176
EditBegin "option" 
Identity 
#Camera perspShape
Clipping 0.1 10000
Projection "perspective" "fov" [54.4322]
ScreenWindow -1 1 -0.5625 0.5625
Shutter 0 0
ConcatTransform [ 0.995562 -0.0314734 -0.0886893 7.56498e-10  1.03023e-08 0.942418 -0.334438 -2.87889e-09  -0.0941083 -0.332954 -0.938235 8.00291e-09  5.82906e-08 -2.3846 10.9612 1 ]
Camera "world" "float[2] shutteropening" [0 1]
EditEnd 
##streammarker177
EditBegin "option" 
Identity 
#Camera perspShape
Clipping 0.1 10000
Projection "perspective" "fov" [54.4322]
ScreenWindow -1 1 -0.5625 0.5625
Shutter 0 0
ConcatTransform [ 0.995562 -0.0296091 -0.089329 7.3422e-10  -1.29521e-08 0.949215 -0.314628 -2.67876e-09  -0.0941083 -0.313232 -0.945002 7.76724e-09  7.39918e-08 -2.4018 10.911 1 ]
Camera "world" "float[2] shutteropening" [0 1]
EditEnd 
##streammarker178
EditBegin "option" 
Identity 
#Camera perspShape
Clipping 0.1 10000
Projection "perspective" "fov" [54.4322]
ScreenWindow -1 1 -0.5625 0.5625
Shutter 0 0
ConcatTransform [ 0.995562 -0.0296091 -0.089329 7.3422e-10  -1.29521e-08 0.949215 -0.314628 -2.67876e-09  -0.0941083 -0.313232 -0.945002 7.76724e-09  7.39918e-08 -2.4018 10.911 1 ]
Camera "world" "float[2] shutteropening" [0 1]
EditEnd 
##streammarker179
EditBegin "option" 
Identity 
#Camera perspShape
Clipping 0.1 10000
Projection "perspective" "fov" [54.4322]
ScreenWindow -1 1 -0.5625 0.5625
Shutter 0 0
ConcatTransform [ 0.995562 -0.028672 -0.0896342 0  -6.87831e-09 0.952458 -0.304671 0  -0.0941083 -0.303319 -0.948231 0  3.86013e-08 -2.41 10.8859 1 ]
Camera "world" "float[2] shutteropening" [0 1]
EditEnd 
##streammarker180
EditBegin "option" 
Identity 
#Camera perspShape
Clipping 0.1 10000
Projection "perspective" "fov" [54.4322]
ScreenWindow -1 1 -0.5625 0.5625
Shutter 0 0
ConcatTransform [ 0.996195 -0.0265538 -0.0830122 0  -1.47355e-08 0.952458 -0.304671 0  -0.0871557 -0.303511 -0.948833 0  -3.65132e-08 -2.41 10.8859 1 ]
Camera "world" "float[2] shutteropening" [0 1]
EditEnd 
##streammarker181
EditBegin "option" 
Identity 
#Camera perspShape
Clipping 0.1 10000
Projection "perspective" "fov" [54.4322]
ScreenWindow -1 1 -0.5625 0.5625
Shutter 0 0
ConcatTransform [ 0.996195 -0.0256831 -0.0832857 0  -1.2096e-08 0.955596 -0.29468 0  -0.0871557 -0.293559 -0.95196 0  -1.12153e-07 -2.41794 10.8606 1 ]
Camera "world" "float[2] shutteropening" [0 1]
EditEnd 
##streammarker182
EditBegin "option" 
Identity 
#Camera perspShape
Clipping 0.1 10000
Projection "perspective" "fov" [54.4322]
ScreenWindow -1 1 -0.5625 0.5625
Shutter 0 0
ConcatTransform [ 0.996195 -0.0256831 -0.0832857 0  -1.2096e-08 0.955596 -0.29468 0  -0.0871557 -0.293559 -0.95196 0  -1.12153e-07 -2.41794 10.8606 1 ]
Camera "world" "float[2] shutteropening" [0 1]
EditEnd 
##streammarker183
EditBegin "option" 
Identity 
#Camera perspShape
Clipping 0.1 10000
Projection "perspective" "fov" [54.4322]
ScreenWindow -1 1 -0.5625 0.5625
Shutter 0 0
ConcatTransform [ 0.996779 -0.023633 -0.0766378 0  -8.36335e-10 0.955596 -0.29468 0  -0.0801989 -0.293731 -0.952518 0  1.23818e-07 -2.41794 10.8606 1 ]
Camera "world" "float[2] shutteropening" [0 1]
EditEnd 
##streammarker184
EditBegin "option" 
Identity 
#Camera perspShape
Clipping 0.1 10000
Projection "perspective" "fov" [54.4322]
ScreenWindow -1 1 -0.5625 0.5625
Shutter 0 0
ConcatTransform [ 0.997801 -0.0195296 -0.0633311 0  6.46494e-10 0.955596 -0.29468 0  -0.0662739 -0.294032 -0.953495 0  1.15646e-07 -2.41794 10.8606 1 ]
Camera "world" "float[2] shutteropening" [0 1]
EditEnd 
##streammarker185
EditBegin "option" 
Identity 
#Camera perspShape
Clipping 0.1 10000
Projection "perspective" "fov" [54.4322]
ScreenWindow -1 1 -0.5625 0.5625
Shutter 0 0
ConcatTransform [ 0.99824 -0.0180689 -0.0564868 0  5.49864e-09 0.952458 -0.304671 0  -0.0593064 -0.304134 -0.950781 0  -3.08585e-08 -2.41 10.8859 1 ]
Camera "world" "float[2] shutteropening" [0 1]
EditEnd 
##streammarker186
EditBegin "option" 
Identity 
#Camera perspShape
Clipping 0.1 10000
Projection "perspective" "fov" [54.4322]
ScreenWindow -1 1 -0.5625 0.5625
Shutter 0 0
ConcatTransform [ 0.998971 -0.0142725 -0.0430592 0  1.5112e-09 0.949215 -0.314628 0  -0.045363 -0.314304 -0.948238 0  2.11692e-08 -2.4018 10.911 1 ]
Camera "world" "float[2] shutteropening" [0 1]
EditEnd 
##streammarker187
EditBegin "option" 
Identity 
#Camera perspShape
Clipping 0.1 10000
Projection "perspective" "fov" [54.4322]
ScreenWindow -1 1 -0.5625 0.5625
Shutter 0 0
ConcatTransform [ 0.998971 -0.0151711 -0.0427509 3.64654e-10  -2.4379e-09 0.942418 -0.334438 -2.87889e-09  -0.045363 -0.334094 -0.941448 8.03031e-09  -1.53867e-08 -2.3846 10.9612 1 ]
Camera "world" "float[2] shutteropening" [0 1]
EditEnd 
##streammarker188
EditBegin "option" 
Identity 
#Camera perspShape
Clipping 0.1 10000
Projection "perspective" "fov" [54.4322]
ScreenWindow -1 1 -0.5625 0.5625
Shutter 0 0
ConcatTransform [ 0.999263 -0.0135932 -0.0359006 0  -1.03382e-10 0.935207 -0.354101 0  -0.0383878 -0.35384 -0.934518 0  6.31871e-10 -2.36635 11.0109 1 ]
Camera "world" "float[2] shutteropening" [0 1]
EditEnd 
##streammarker189
EditBegin "option" 
Identity 
#Camera perspShape
Clipping 0.1 10000
Projection "perspective" "fov" [54.4322]
ScreenWindow -1 1 -0.5625 0.5625
Shutter 0 0
ConcatTransform [ 0.999263 -0.0147141 -0.0354559 0  -3.84595e-09 0.923623 -0.383302 0  -0.0383878 -0.383019 -0.922942 0  -5.15989e-09 -2.33704 11.0848 1 ]
Camera "world" "float[2] shutteropening" [0 1]
EditEnd 
##streammarker190
EditBegin "option" 
Identity 
#Camera perspShape
Clipping 0.1 10000
Projection "perspective" "fov" [54.4322]
ScreenWindow -1 1 -0.5625 0.5625
Shutter 0 0
ConcatTransform [ 0.999263 -0.0154534 -0.0351399 0  -1.12013e-10 0.915393 -0.402561 0  -0.0383878 -0.402264 -0.914719 0  7.39529e-10 -2.31622 11.1335 1 ]
Camera "world" "float[2] shutteropening" [0 1]
EditEnd 
##streammarker191
EditBegin "option" 
Identity 
#Camera perspShape
Clipping 0.1 10000
Projection "perspective" "fov" [54.4322]
ScreenWindow -1 1 -0.5625 0.5625
Shutter 0 0
ConcatTransform [ 0.999263 -0.0158205 -0.0349762 0  -5.6906e-09 0.911128 -0.412124 0  -0.0383878 -0.411821 -0.910456 0  -5.12861e-08 -2.30543 11.1577 1 ]
Camera "world" "float[2] shutteropening" [0 1]
EditEnd 
##streammarker192
EditBegin "option" 
Identity 
#Camera perspShape
Clipping 0.1 10000
Projection "perspective" "fov" [54.4322]
ScreenWindow -1 1 -0.5625 0.5625
Shutter 0 0
ConcatTransform [ 0.998971 -0.019127 -0.0411334 0  1.0197e-09 0.906762 -0.421643 0  -0.045363 -0.421209 -0.905829 0  2.28733e-08 -2.29438 11.1818 1 ]
Camera "world" "float[2] shutteropening" [0 1]
EditEnd 
##streammarker193
EditBegin "option" 
Identity 
#Camera perspShape
Clipping 0.1 10000
Projection "perspective" "fov" [54.4322]
ScreenWindow -1 1 -0.5625 0.5625
Shutter 0 0
ConcatTransform [ 0.99863 -0.0230561 -0.0469837 0  -5.15337e-09 0.897733 -0.44054 0  -0.052336 -0.439936 -0.896502 0  3.60032e-08 -2.27153 11.2296 1 ]
Camera "world" "float[2] shutteropening" [0 1]
EditEnd 
##streammarker194
EditBegin "option" 
Identity 
#Camera perspShape
Clipping 0.1 10000
Projection "perspective" "fov" [54.4322]
ScreenWindow -1 1 -0.5625 0.5625
Shutter 0 0
ConcatTransform [ 0.99824 -0.0261268 -0.0532413 0  -6.52228e-10 0.897733 -0.44054 0  -0.0593064 -0.439765 -0.896153 0  6.41613e-08 -2.27153 11.2296 1 ]
Camera "world" "float[2] shutteropening" [0 1]
EditEnd 
##streammarker195
EditBegin "option" 
Identity 
#Camera perspShape
Clipping 0.1 10000
Projection "perspective" "fov" [54.4322]
ScreenWindow -1 1 -0.5625 0.5625
Shutter 0 0
ConcatTransform [ 0.997801 -0.0298177 -0.0591873 0  -1.92912e-09 0.89307 -0.449917 0  -0.0662739 -0.448928 -0.891107 0  1.36605e-08 -2.25974 11.2534 1 ]
Camera "world" "float[2] shutteropening" [0 1]
EditEnd 
##streammarker196
EditBegin "option" 
Identity 
#Camera perspShape
Clipping 0.1 10000
Projection "perspective" "fov" [54.4322]
ScreenWindow -1 1 -0.5625 0.5625
Shutter 0 0
ConcatTransform [ 0.997314 -0.0329511 -0.0654069 0  -1.16746e-09 0.89307 -0.449917 0  -0.0732382 -0.448709 -0.890672 0  6.78716e-08 -2.25974 11.2534 1 ]
Camera "world" "float[2] shutteropening" [0 1]
EditEnd 
##streammarker197
EditBegin "option" 
Identity 
#Camera perspShape
Clipping 0.1 10000
Projection "perspective" "fov" [54.4322]
ScreenWindow -1 1 -0.5625 0.5625
Shutter 0 0
ConcatTransform [ 0.996779 -0.0360828 -0.0716233 0  5.34785e-09 0.89307 -0.449917 0  -0.0801989 -0.448468 -0.890194 0  -3.78691e-08 -2.25974 11.2534 1 ]
Camera "world" "float[2] shutteropening" [0 1]
EditEnd 
##streammarker198
EditBegin "option" 
Identity 
#Camera perspShape
Clipping 0.1 10000
Projection "perspective" "fov" [54.4322]
ScreenWindow -1 1 -0.5625 0.5625
Shutter 0 0
ConcatTransform [ 0.996195 -0.0400258 -0.0774213 0  -1.06698e-08 0.88831 -0.459244 0  -0.0871557 -0.457497 -0.88493 0  1.95771e-07 -2.24769 11.277 1 ]
Camera "world" "float[2] shutteropening" [0 1]
EditEnd 
##streammarker199
EditBegin "option" 
Identity 
#Camera perspShape
Clipping 0.1 10000
Projection "perspective" "fov" [54.4322]
ScreenWindow -1 1 -0.5625 0.5625
Shutter 0 0
ConcatTransform [ 0.995562 -0.0432187 -0.0835974 0  7.67292e-09 0.88831 -0.459244 0  -0.0941083 -0.457206 -0.884368 0  -5.50573e-08 -2.24769 11.277 1 ]
Camera "world" "float[2] shutteropening" [0 1]
EditEnd 
##streammarker200
EditBegin "option" 
Identity 
#Camera perspShape
Clipping 0.1 10000
Projection "perspective" "fov" [54.4322]
ScreenWindow -1 1 -0.5625 0.5625
Shutter 0 0
ConcatTransform [ 0.994881 -0.047347 -0.0892784 0  5.05836e-09 0.883452 -0.468521 0  -0.101056 -0.466123 -0.87893 0  -3.67711e-08 -2.2354 11.3004 1 ]
Camera "world" "float[2] shutteropening" [0 1]
EditEnd 
##streammarker201
EditBegin "option" 
Identity 
#Camera perspShape
Clipping 0.1 10000
Projection "perspective" "fov" [54.4322]
ScreenWindow -1 1 -0.5625 0.5625
Shutter 0 0
ConcatTransform [ 0.994881 -0.047347 -0.0892784 0  5.05836e-09 0.883452 -0.468521 0  -0.101056 -0.466123 -0.87893 0  -3.67711e-08 -2.2354 11.3004 1 ]
Camera "world" "float[2] shutteropening" [0 1]
EditEnd 
##streammarker202
EditBegin "option" 
Identity 
#Camera perspShape
Clipping 0.1 10000
Projection "perspective" "fov" [54.4322]
ScreenWindow -1 1 -0.5625 0.5625
Shutter 0 0
ConcatTransform [ 0.994151 -0.0506 -0.0954123 0  -6.54038e-09 0.883452 -0.468521 0  -0.107999 -0.465781 -0.878285 0  -1.20602e-08 -2.2354 11.3004 1 ]
Camera "world" "float[2] shutteropening" [0 1]
EditEnd 
##streammarker203
EditBegin "option" 
Identity 
#Camera perspShape
Clipping 0.1 10000
Projection "perspective" "fov" [54.4322]
ScreenWindow -1 1 -0.5625 0.5625
Shutter 0 0
ConcatTransform [ 0.994151 -0.0506 -0.0954123 0  -6.54038e-09 0.883452 -0.468521 0  -0.107999 -0.465781 -0.878285 0  -1.20602e-08 -2.2354 11.3004 1 ]
Camera "world" "float[2] shutteropening" [0 1]
EditEnd 
##streammarker204
EditBegin "option" 
Identity 
#Camera perspShape
Clipping 0.1 10000
Projection "perspective" "fov" [54.4322]
ScreenWindow -1 1 -0.5625 0.5625
Shutter 0 0
ConcatTransform [ 0.994881 -0.0482793 -0.0887777 0  -3.59757e-09 0.878497 -0.477747 0  -0.101056 -0.475301 -0.874 0  -3.31169e-08 -2.22286 11.3238 1 ]
Camera "world" "float[2] shutteropening" [0 1]
EditEnd 
##streammarker205
EditBegin "option" 
Identity 
#Camera perspShape
Clipping 0.1 10000
Projection "perspective" "fov" [54.4322]
ScreenWindow -1 1 -0.5625 0.5625
Shutter 0 0
ConcatTransform [ 0.994881 -0.0482793 -0.0887777 0  -3.59757e-09 0.878497 -0.477747 0  -0.101056 -0.475301 -0.874 0  -3.31169e-08 -2.22286 11.3238 1 ]
Camera "world" "float[2] shutteropening" [0 1]
EditEnd 
##streammarker206
EditBegin "option" 
Identity 
#Camera perspShape
Clipping 0.1 10000
Projection "perspective" "fov" [54.4322]
ScreenWindow -1 1 -0.5625 0.5625
Shutter 0 0
ConcatTransform [ 0.995562 -0.0458232 -0.0821986 0  -3.79991e-09 0.873447 -0.48692 0  -0.0941083 -0.484759 -0.86957 0  -9.08792e-08 -2.21008 11.347 1 ]
Camera "world" "float[2] shutteropening" [0 1]
EditEnd 
##streammarker207
EditBegin "option" 
Identity 
#Camera perspShape
Clipping 0.1 10000
Projection "perspective" "fov" [54.4322]
ScreenWindow -1 1 -0.5625 0.5625
Shutter 0 0
ConcatTransform [ 0.995562 -0.0458232 -0.0821986 0  -3.79991e-09 0.873447 -0.48692 0  -0.0941083 -0.484759 -0.86957 0  -9.08792e-08 -2.21008 11.347 1 ]
Camera "world" "float[2] shutteropening" [0 1]
EditEnd 
##streammarker208
EditBegin "option" 
Identity 
#Camera perspShape
Clipping 0.1 10000
Projection "perspective" "fov" [54.4322]
ScreenWindow -1 1 -0.5625 0.5625
Shutter 0 0
ConcatTransform [ 0.996195 -0.0424379 -0.0761259 0  7.28129e-09 0.873447 -0.48692 0  -0.0871557 -0.485067 -0.870123 0  -5.42855e-08 -2.21008 11.347 1 ]
Camera "world" "float[2] shutteropening" [0 1]
EditEnd 
##streammarker209
EditBegin "option" 
Identity 
#Camera perspShape
Clipping 0.1 10000
Projection "perspective" "fov" [54.4322]
ScreenWindow -1 1 -0.5625 0.5625
Shutter 0 0
ConcatTransform [ 0.996195 -0.0424379 -0.0761259 0  7.28129e-09 0.873447 -0.48692 0  -0.0871557 -0.485067 -0.870123 0  -5.42855e-08 -2.21008 11.347 1 ]
Camera "world" "float[2] shutteropening" [0 1]
EditEnd 
##streammarker210
EditBegin "option" 
Identity 
#Camera perspShape
Clipping 0.1 10000
Projection "perspective" "fov" [54.4322]
ScreenWindow -1 1 -0.5625 0.5625
Shutter 0 0
ConcatTransform [ 0.995562 -0.0458232 -0.0821986 0  -3.79991e-09 0.873447 -0.48692 0  -0.0941083 -0.484759 -0.86957 0  -9.08792e-08 -2.21008 11.347 1 ]
Camera "world" "float[2] shutteropening" [0 1]
EditEnd 
##streammarker211
EditBegin "option" 
Identity 
#Camera perspShape
Clipping 0.1 10000
Projection "perspective" "fov" [54.4322]
ScreenWindow -1 1 -0.5625 0.5625
Shutter 0 0
ConcatTransform [ 0.995562 -0.0458232 -0.0821986 0  -3.79991e-09 0.873447 -0.48692 0  -0.0941083 -0.484759 -0.86957 0  -9.08792e-08 -2.21008 11.347 1 ]
Camera "world" "float[2] shutteropening" [0 1]
EditEnd 
##streammarker212
EditBegin "option" 
Identity 
#Camera perspShape
Clipping 0.1 10000
Projection "perspective" "fov" [54.4322]
ScreenWindow -1 1 -0.5625 0.5625
Shutter 0 0
ConcatTransform [ 0.993373 -0.0570134 -0.0997991 4.48158e-10  8.55385e-09 0.8683 -0.49604 -4.53721e-09  -0.114937 -0.492753 -0.862545 3.87332e-09  -6.45621e-08 -2.19706 11.3701 1 ]
Camera "world" "float[2] shutteropening" [0 1]
EditEnd 
##streammarker213
EditBegin "option" 
Identity 
#Camera perspShape
Clipping 0.1 10000
Projection "perspective" "fov" [54.4322]
ScreenWindow -1 1 -0.5625 0.5625
Shutter 0 0
ConcatTransform [ 0.990748 -0.0673205 -0.117842 -1.17798e-10  5.73005e-09 0.8683 -0.49604 1.01001e-09  -0.135716 -0.491451 -0.860266 -8.59948e-10  -1.86669e-07 -2.19706 11.3701 1 ]
Camera "world" "float[2] shutteropening" [0 1]
EditEnd 
##streammarker214
EditBegin "option" 
Identity 
#Camera perspShape
Clipping 0.1 10000
Projection "perspective" "fov" [54.4322]
ScreenWindow -1 1 -0.5625 0.5625
Shutter 0 0
ConcatTransform [ 0.987688 -0.0775976 -0.135832 -1.38682e-10  5.64793e-09 0.8683 -0.49604 1.03158e-09  -0.156434 -0.489933 -0.857609 -8.75603e-10  1.23198e-07 -2.19706 11.3701 1 ]
Camera "world" "float[2] shutteropening" [0 1]
EditEnd 
##streammarker215
EditBegin "option" 
Identity 
#Camera perspShape
Clipping 0.1 10000
Projection "perspective" "fov" [54.4322]
ScreenWindow -1 1 -0.5625 0.5625
Shutter 0 0
ConcatTransform [ 0.982935 -0.0912473 -0.159725 1.28898e-09  8.02337e-09 0.8683 -0.49604 -8.15383e-09  -0.183951 -0.487575 -0.853482 6.88762e-09  1.35381e-07 -2.19706 11.3701 1 ]
Camera "world" "float[2] shutteropening" [0 1]
EditEnd 
##streammarker216
EditBegin "option" 
Identity 
#Camera perspShape
Clipping 0.1 10000
Projection "perspective" "fov" [54.4322]
ScreenWindow -1 1 -0.5625 0.5625
Shutter 0 0
ConcatTransform [ 0.978867 -0.0995729 -0.178617 9.10079e-10  -5.99626e-09 0.873446 -0.48692 -5.27375e-09  -0.204496 -0.47663 -0.854988 4.35631e-09  4.47049e-08 -2.21008 11.347 1 ]
Camera "world" "float[2] shutteropening" [0 1]
EditEnd 
##streammarker217
EditBegin "option" 
Identity 
#Camera perspShape
Clipping 0.1 10000
Projection "perspective" "fov" [54.4322]
ScreenWindow -1 1 -0.5625 0.5625
Shutter 0 0
ConcatTransform [ 0.971134 -0.113958 -0.209551 -1.16817e-09  -1.60223e-08 0.878497 -0.477747 1.75496e-09  -0.238533 -0.463956 -0.853139 5.69671e-09  1.17967e-07 -2.22286 11.3238 1 ]
Camera "world" "float[2] shutteropening" [0 1]
EditEnd 
##streammarker218
EditBegin "option" 
Identity 
#Camera perspShape
Clipping 0.1 10000
Projection "perspective" "fov" [54.4322]
ScreenWindow -1 1 -0.5625 0.5625
Shutter 0 0
ConcatTransform [ 0.971134 -0.109545 -0.211892 1.07896e-09  -6.6007e-09 0.88831 -0.459244 -5.66411e-09  -0.238533 -0.445988 -0.862668 4.39275e-09  4.73635e-08 -2.24769 11.277 1 ]
Camera "world" "float[2] shutteropening" [0 1]
EditEnd 
##streammarker219
EditBegin "option" 
Identity 
#Camera perspShape
Clipping 0.1 10000
Projection "perspective" "fov" [54.4322]
ScreenWindow -1 1 -0.5625 0.5625
Shutter 0 0
ConcatTransform [ 0.956305 -0.131543 -0.261109 -1.69608e-08  -3.44216e-08 0.89307 -0.449917 1.41632e-09  -0.292372 -0.430258 -0.854047 -9.77508e-09  2.43745e-07 -2.25974 11.2534 1 ]
Camera "world" "float[2] shutteropening" [0 1]
EditEnd 
##streammarker220
EditBegin "option" 
Identity 
#Camera perspShape
Clipping 0.1 10000
Projection "perspective" "fov" [54.4322]
ScreenWindow -1 1 -0.5625 0.5625
Shutter 0 0
ConcatTransform [ 0.947768 -0.137508 -0.287796 -1.45821e-11  -2.38391e-09 0.902297 -0.431115 6.05503e-11  -0.318959 -0.408597 -0.855169 -4.333e-11  1.64275e-08 -2.28308 11.2058 1 ]
Camera "world" "float[2] shutteropening" [0 1]
EditEnd 
##streammarker221
EditBegin "option" 
Identity 
#Camera perspShape
Clipping 0.1 10000
Projection "perspective" "fov" [54.4322]
ScreenWindow -1 1 -0.5625 0.5625
Shutter 0 0
ConcatTransform [ 0.943223 -0.140053 -0.301191 -2.04167e-10  2.08923e-08 0.906762 -0.421643 8.29642e-10  -0.332161 -0.397703 -0.855278 -5.79763e-10  2.43069e-07 -2.29438 11.1818 1 ]
Camera "world" "float[2] shutteropening" [0 1]
EditEnd 
##streammarker222
EditBegin "option" 
Identity 
#Camera perspShape
Clipping 0.1 10000
Projection "perspective" "fov" [54.4322]
ScreenWindow -1 1 -0.5625 0.5625
Shutter 0 0
ConcatTransform [ 0.93606 -0.145003 -0.320573 -9.10386e-10  -3.12624e-08 0.911128 -0.412124 3.55973e-09  -0.351842 -0.385773 -0.85287 -2.42204e-09  2.09424e-07 -2.30543 11.1577 1 ]
Camera "world" "float[2] shutteropening" [0 1]
EditEnd 
##streammarker223
EditBegin "option" 
Identity 
#Camera perspShape
Clipping 0.1 10000
Projection "perspective" "fov" [54.4322]
ScreenWindow -1 1 -0.5625 0.5625
Shutter 0 0
ConcatTransform [ 0.93358 -0.144265 -0.328048 -8.70291e-10  -2.40918e-08 0.915393 -0.40256 3.4058e-09  -0.358368 -0.375823 -0.854593 -2.26719e-09  1.59058e-07 -2.31622 11.1335 1 ]
Camera "world" "float[2] shutteropening" [0 1]
EditEnd 
##streammarker224
EditBegin "option" 
Identity 
#Camera perspShape
Clipping 0.1 10000
Projection "perspective" "fov" [54.4322]
ScreenWindow -1 1 -0.5625 0.5625
Shutter 0 0
ConcatTransform [ 0.93358 -0.140821 -0.329541 -1.28656e-08  3.97949e-08 0.919559 -0.392953 1.16683e-08  -0.358368 -0.366853 -0.858482 3.06181e-09  -4.71679e-07 -2.32676 11.1092 1 ]
Camera "world" "float[2] shutteropening" [0 1]
EditEnd 
##streammarker225
EditBegin "option" 
Identity 
#Camera perspShape
Clipping 0.1 10000
Projection "perspective" "fov" [54.4322]
ScreenWindow -1 1 -0.5625 0.5625
Shutter 0 0
ConcatTransform [ 0.931056 -0.143379 -0.335526 -1.08018e-09  1.30491e-08 0.919559 -0.392953 4.23297e-09  -0.364877 -0.365861 -0.85616 -2.75629e-09  -3.02151e-07 -2.32676 11.1092 1 ]
Camera "world" "float[2] shutteropening" [0 1]
EditEnd 
##streammarker226
EditBegin "option" 
Identity 
#Camera perspShape
Clipping 0.1 10000
Projection "perspective" "fov" [54.4322]
ScreenWindow -1 1 -0.5625 0.5625
Shutter 0 0
ConcatTransform [ 0.931056 -0.139858 -0.337009 2.122e-10  -2.6071e-08 0.923623 -0.383302 -8.47964e-10  -0.364877 -0.356875 -0.859945 5.41471e-10  1.67047e-07 -2.33704 11.0848 1 ]
Camera "world" "float[2] shutteropening" [0 1]
EditEnd 
##streammarker227
EditBegin "option" 
Identity 
#Camera perspShape
Clipping 0.1 10000
Projection "perspective" "fov" [54.4322]
ScreenWindow -1 1 -0.5625 0.5625
Shutter 0 0
ConcatTransform [ 0.931056 -0.132769 -0.339864 1.42739e-09  -3.91008e-08 0.931448 -0.363875 -5.93425e-09  -0.364877 -0.338788 -0.86723 3.64227e-09  2.27742e-08 -2.35684 11.0357 1 ]
Camera "world" "float[2] shutteropening" [0 1]
EditEnd 
##streammarker228
EditBegin "option" 
Identity 
#Camera perspShape
Clipping 0.1 10000
Projection "perspective" "fov" [54.4322]
ScreenWindow -1 1 -0.5625 0.5625
Shutter 0 0
ConcatTransform [ 0.928486 -0.131502 -0.347306 7.89804e-10  -1.03214e-08 0.935207 -0.354101 -3.29156e-09  -0.371368 -0.328778 -0.868326 1.97465e-09  -1.62433e-07 -2.36635 11.0109 1 ]
Camera "world" "float[2] shutteropening" [0 1]
EditEnd 
##streammarker229
EditBegin "option" 
Identity 
#Camera perspShape
Clipping 0.1 10000
Projection "perspective" "fov" [54.4322]
ScreenWindow -1 1 -0.5625 0.5625
Shutter 0 0
ConcatTransform [ 0.928486 -0.124199 -0.349984 8.90227e-10  -8.84677e-09 0.942418 -0.334438 -3.86444e-09  -0.371368 -0.310521 -0.875022 2.22572e-09  -1.74944e-07 -2.3846 10.9612 1 ]
Camera "world" "float[2] shutteropening" [0 1]
EditEnd 
##streammarker230
EditBegin "option" 
Identity 
#Camera perspShape
Clipping 0.1 10000
Projection "perspective" "fov" [54.4322]
ScreenWindow -1 1 -0.5625 0.5625
Shutter 0 0
ConcatTransform [ 0.928486 -0.113145 -0.353712 -2.08586e-09  1.23235e-08 0.952458 -0.304671 -1.64678e-08  -0.371368 -0.282882 -0.884343 -2.16084e-09  -6.91596e-08 -2.41 10.8859 1 ]
Camera "world" "float[2] shutteropening" [0 1]
EditEnd 
##streammarker231
EditBegin "option" 
Identity 
#Camera perspShape
Clipping 0.1 10000
Projection "perspective" "fov" [54.4322]
ScreenWindow -1 1 -0.5625 0.5625
Shutter 0 0
ConcatTransform [ 0.928486 -0.0982337 -0.35814 -1.56159e-09  5.53978e-09 0.964381 -0.264518 7.87913e-09  -0.371368 -0.245602 -0.895414 -3.90424e-09  -2.88395e-08 -2.44017 10.7843 1 ]
Camera "world" "float[2] shutteropening" [0 1]
EditEnd 
##streammarker232
EditBegin "option" 
Identity 
#Camera perspShape
Clipping 0.1 10000
Projection "perspective" "fov" [54.4322]
ScreenWindow -1 1 -0.5625 0.5625
Shutter 0 0
ConcatTransform [ 0.93606 -0.0679682 -0.345214 -4.93239e-10  1.73778e-08 0.981164 -0.193179 3.10257e-09  -0.351842 -0.180827 -0.918427 -1.31224e-09  -7.79272e-08 -2.48264 10.6037 1 ]
Camera "world" "float[2] shutteropening" [0 1]
EditEnd 
##streammarker233
EditBegin "option" 
Identity 
#Camera perspShape
Clipping 0.1 10000
Projection "perspective" "fov" [54.4322]
ScreenWindow -1 1 -0.5625 0.5625
Shutter 0 0
